Tem1erature,Humidity,Light,CO2,HumidityRatio,Occu1ancy
1,0,0,0,1,0
1,0,0,0,1,0
1,0,0,0,1,0
1,0,0,0,1,0
1,0,0,0,1,0
1,0,0,0,1,0
1,0,0,0,1,0
1,0,0,0,1,0
1,0,0,0,1,0
1,0,0,0,1,0
1,0,0,0,1,0
1,0,0,0,1,0
1,0,0,0,1,0
1,0,0,0,1,0
1,0,0,0,1,0
1,0,0,0,1,0
1,0,0,0,1,1
1,0,0,0,1,1
1,0,0,0,1,1
1,0,0,0,1,1
1,0,0,0,1,1
1,0,0,0,1,1
1,0,0,0,1,1
1,0,0,0,1,1
1,0,0,0,1,1
1,0,0,0,1,1
1,0,0,0,1,1
1,0,0,0,1,1
1,0,0,0,1,1
1,0,0,0,1,1
1,0,0,0,1,1
1,0,0,0,1,1
1,0,0,0,1,1
1,0,0,0,1,1
1,0,0,0,1,1
1,0,0,0,1,1
1,0,0,0,1,1
1,0,0,0,1,1
1,0,0,0,1,1
1,0,0,0,1,1
1,0,0,0,1,1
1,0,0,0,1,1
1,0,0,0,1,1
1,0,0,0,1,1
1,0,0,0,1,1
1,0,0,0,1,1
1,0,0,0,1,1
1,0,0,0,0,1
1,0,0,0,1,1
1,0,0,0,1,1
1,0,0,0,1,1
1,0,0,0,1,1
1,0,0,0,1,1
1,0,0,0,1,1
1,0,0,0,1,1
1,0,0,0,1,1
1,0,0,0,0,1
1,0,0,0,1,1
1,0,0,0,1,1
1,0,0,0,0,1
1,0,0,0,0,1
1,0,0,0,0,1
1,0,0,0,1,1
1,0,0,0,0,1
1,0,0,0,0,1
1,0,0,0,0,1
1,0,0,0,0,1
1,0,0,0,0,1
1,0,0,0,0,1
1,0,0,0,0,1
1,0,0,0,0,1
1,0,0,0,0,1
1,0,0,0,0,1
1,0,0,0,0,1
1,0,0,0,0,1
1,0,0,0,0,1
1,0,0,0,0,1
1,0,0,0,0,1
1,0,0,0,0,1
1,0,0,0,0,1
1,0,0,0,0,1
1,0,0,0,0,1
1,0,0,0,0,1
1,0,0,0,0,1
1,0,0,0,0,1
1,0,0,0,0,1
1,0,0,0,0,1
1,0,0,0,0,1
1,0,0,0,0,1
1,0,0,0,0,1
1,0,0,0,0,1
1,0,0,0,0,1
1,0,0,0,0,1
1,0,0,0,0,1
1,0,0,0,0,1
1,0,0,0,0,1
1,0,0,0,0,1
1,0,0,0,0,1
1,0,0,0,0,1
1,0,0,0,0,1
1,0,0,0,0,1
1,0,0,0,0,1
1,0,0,0,0,1
1,0,0,0,0,1
1,0,0,0,0,1
1,0,0,0,0,1
1,0,0,0,0,1
1,0,0,0,0,1
1,0,0,0,0,1
1,0,0,0,0,1
1,0,0,0,0,1
1,0,0,0,0,1
1,0,0,0,0,1
1,0,0,0,0,1
1,0,0,0,0,1
1,0,0,0,0,1
1,0,0,0,0,1
1,0,0,0,0,1
1,0,0,0,0,1
1,0,0,0,0,1
1,0,0,0,0,1
1,0,0,0,0,1
1,0,0,0,0,1
1,0,0,0,0,1
1,0,0,0,0,1
1,0,0,0,0,1
1,0,0,0,0,1
1,0,0,0,0,1
1,0,0,0,0,1
1,0,0,0,0,1
1,0,0,0,0,1
1,0,0,0,0,1
1,0,0,0,0,1
1,0,0,0,0,1
1,0,0,0,0,1
1,0,0,0,0,1
0,0,0,0,0,1
1,0,0,0,0,1
1,0,0,0,0,1
1,0,0,0,0,1
1,0,0,0,0,1
1,0,0,0,0,1
1,0,0,0,0,1
1,0,0,0,0,1
0,0,0,0,0,1
0,0,0,0,0,1
0,0,0,0,0,1
0,0,0,0,0,1
0,0,0,0,0,1
0,0,0,0,0,1
0,0,0,0,0,1
0,0,0,0,0,1
0,0,0,0,0,1
0,0,0,0,0,1
0,0,0,0,0,1
0,0,0,0,0,1
0,0,0,0,0,1
0,0,0,0,0,1
0,0,0,0,0,1
0,0,0,0,0,1
0,0,0,0,0,1
0,0,0,0,0,1
0,0,0,0,0,1
0,0,0,0,0,1
0,0,0,0,0,1
0,0,0,0,0,1
0,0,0,0,0,1
0,0,0,0,0,1
0,0,0,0,0,1
0,0,0,0,0,1
0,0,0,0,0,1
0,0,0,0,0,1
0,0,0,0,0,1
0,0,0,0,0,1
0,0,0,0,0,1
0,0,0,0,0,1
0,0,0,0,0,1
0,0,0,0,0,1
0,0,0,0,0,1
0,0,0,0,0,1
0,0,0,0,0,1
0,0,0,0,0,1
0,0,0,0,0,1
0,0,0,0,0,1
0,0,0,0,0,1
0,0,0,0,0,1
0,0,0,0,0,1
0,0,0,0,0,1
0,0,0,0,0,1
0,0,0,0,0,1
0,0,0,0,0,1
0,0,0,0,0,1
0,0,0,0,0,1
0,0,0,0,0,1
0,0,0,0,0,1
0,0,0,0,0,1
0,0,0,0,0,1
0,0,0,0,0,1
0,0,0,0,0,1
0,0,0,0,0,1
0,0,0,0,0,1
0,0,0,0,0,1
0,0,0,0,0,1
0,0,0,0,0,1
0,0,0,0,0,1
0,0,0,0,0,1
0,0,0,0,0,1
0,0,0,0,0,1
0,0,0,0,0,1
0,0,0,0,0,1
0,0,0,0,0,1
0,0,0,0,0,1
0,0,0,0,0,1
0,0,0,0,0,1
0,0,0,0,0,1
0,0,0,0,0,1
0,0,0,0,0,1
0,0,0,0,0,1
0,0,0,0,0,1
0,0,0,0,0,1
0,0,0,0,0,1
0,0,0,0,0,1
0,0,0,0,0,1
0,0,0,0,0,1
0,0,0,0,0,1
0,0,0,0,0,1
0,0,0,0,0,1
0,0,0,0,0,1
0,0,0,0,0,1
0,0,0,0,0,1
0,0,0,0,0,1
0,0,0,0,0,1
0,0,0,0,0,1
0,0,0,0,0,1
0,0,0,0,0,1
0,0,0,0,0,1
0,0,0,0,0,1
0,0,0,0,0,1
0,0,0,0,0,1
0,0,0,0,0,1
0,0,0,0,0,1
0,0,0,0,0,1
0,0,0,0,0,1
0,0,0,0,0,1
0,0,0,0,0,1
0,0,0,0,0,1
0,0,0,0,0,1
0,0,0,0,0,1
0,0,0,0,0,1
0,0,0,0,0,1
0,0,0,0,0,1
0,0,0,0,0,1
0,0,0,0,0,1
0,0,0,0,0,1
0,0,0,0,0,1
0,0,0,0,0,1
0,0,0,0,0,1
0,0,0,0,0,1
0,0,0,0,0,1
0,0,0,0,0,1
0,0,0,0,0,1
0,0,0,0,0,1
0,0,0,0,0,1
0,0,0,0,0,1
0,0,0,0,0,1
0,0,0,0,0,1
0,0,0,0,0,1
0,0,0,0,0,1
0,0,0,0,0,1
0,0,0,0,0,1
0,0,0,0,0,1
0,0,0,0,0,1
0,0,0,0,0,1
0,0,0,0,0,1
0,0,0,0,0,1
0,0,0,0,0,1
0,0,0,0,0,1
0,0,0,0,0,1
0,0,0,0,0,1
0,0,0,0,0,1
0,0,0,0,0,1
0,0,0,0,0,1
0,0,0,0,0,1
0,0,0,0,0,1
0,0,0,0,0,1
0,0,0,0,0,1
0,0,0,0,0,1
0,0,0,0,0,1
0,0,0,0,0,1
0,0,0,0,0,1
0,0,0,0,0,1
0,0,0,0,0,1
0,0,0,0,0,1
0,0,0,0,0,1
0,0,0,0,0,1
0,0,0,0,0,1
0,0,0,0,0,1
0,0,0,0,0,1
0,0,0,0,0,1
0,0,0,0,0,1
0,0,0,0,0,1
0,0,0,0,0,1
0,0,0,0,0,1
0,0,0,0,0,1
0,0,0,0,0,1
0,0,0,0,0,1
0,0,0,0,0,1
0,0,0,0,0,1
0,0,0,0,0,1
0,0,0,0,0,1
0,0,0,0,0,1
0,0,0,0,0,1
0,0,0,0,0,1
0,0,0,0,0,1
0,0,0,0,0,1
0,0,0,0,0,1
0,0,0,0,0,1
0,0,0,0,0,1
0,0,0,0,0,1
0,0,0,0,0,1
0,0,0,0,0,1
0,0,0,0,0,1
0,0,0,0,0,1
0,0,0,0,0,1
0,0,0,0,0,1
0,0,0,0,0,1
0,0,0,0,0,1
0,0,0,0,0,1
0,0,0,0,0,1
0,0,0,0,0,1
0,0,0,0,0,1
0,0,0,0,0,1
0,0,0,0,0,1
0,0,0,0,0,1
0,0,0,0,0,1
0,0,0,0,0,1
0,0,0,0,0,1
0,0,0,0,0,1
0,0,0,0,0,1
0,0,0,0,0,1
0,0,0,0,0,1
0,0,0,0,0,1
0,0,0,0,0,1
0,0,0,0,0,1
0,0,0,0,0,1
0,0,0,0,0,1
0,0,0,0,0,1
0,0,0,0,0,1
0,0,0,0,0,1
0,0,0,0,0,1
0,0,0,0,0,1
0,0,0,0,0,1
0,0,0,0,0,1
0,0,0,0,0,1
0,0,0,0,0,1
0,0,0,0,0,1
0,0,0,0,0,1
0,0,0,0,0,1
0,0,0,0,0,1
0,0,0,0,0,1
0,0,0,0,0,1
0,0,0,0,0,1
0,0,0,0,0,1
0,0,0,0,0,1
0,0,0,0,0,1
0,0,0,0,0,1
0,0,0,0,0,1
0,0,0,0,0,1
0,0,0,0,0,1
0,0,0,0,0,1
0,0,0,0,0,1
0,0,0,0,0,1
0,0,0,0,0,1
0,0,0,0,0,1
0,0,0,0,0,1
0,0,0,0,0,1
0,0,0,0,0,1
0,0,0,0,0,1
0,0,0,0,0,1
0,0,0,0,0,1
0,0,0,0,0,1
0,0,0,0,0,1
0,0,0,0,0,1
0,0,0,0,0,1
0,0,0,0,0,1
0,0,0,0,0,1
0,0,0,0,0,1
0,0,0,0,0,1
0,0,0,0,0,1
0,0,0,0,0,1
0,0,0,0,0,1
0,0,0,0,0,1
0,0,0,0,0,1
0,0,0,0,0,1
0,0,0,0,0,1
0,0,0,0,0,1
0,0,0,0,0,1
0,0,0,0,0,1
0,0,0,0,0,1
0,0,0,0,0,1
0,0,0,0,0,1
0,0,0,0,0,1
0,0,0,0,0,1
0,0,0,0,0,1
0,0,0,0,0,1
0,0,0,0,0,1
0,0,0,0,0,1
0,0,0,0,0,1
0,0,0,0,0,1
0,0,0,0,0,1
0,0,0,0,0,1
0,0,0,0,0,1
0,0,0,0,0,1
0,0,0,0,0,1
0,0,0,0,0,1
0,0,0,0,0,1
0,0,0,0,0,1
0,0,0,0,0,1
0,0,0,0,0,1
0,0,0,0,0,1
0,0,0,0,0,1
0,0,0,0,0,1
0,0,0,0,0,1
0,0,0,0,0,1
0,0,0,0,0,1
0,0,0,0,0,1
0,0,0,0,0,1
0,0,0,0,0,1
0,0,0,0,0,1
0,0,0,0,0,1
0,0,0,0,0,1
0,0,0,0,0,1
0,0,0,0,0,1
0,0,0,0,0,1
0,0,0,0,0,1
0,0,0,0,0,1
0,0,0,0,0,1
0,0,0,0,0,1
0,0,0,0,0,1
0,0,0,0,0,1
0,0,0,0,0,1
0,0,0,0,0,1
0,0,0,0,0,1
0,0,0,0,0,1
0,0,0,0,0,1
0,0,0,0,0,1
0,0,0,0,0,1
0,0,0,0,0,1
0,0,0,0,0,1
0,0,0,0,0,1
0,0,0,0,0,1
0,0,0,0,0,1
0,0,0,0,0,1
0,0,0,0,0,1
0,0,0,0,0,1
0,0,0,0,0,1
0,0,0,0,0,1
0,0,0,0,0,1
0,0,0,0,0,1
0,0,0,0,0,1
0,0,0,0,0,1
0,0,0,0,0,1
0,0,0,0,0,1
0,0,0,0,0,1
0,0,0,0,0,1
0,0,0,0,0,1
0,0,0,0,0,1
0,0,0,0,0,1
0,0,0,0,0,1
0,0,0,0,0,1
0,0,0,0,0,1
0,0,0,0,0,1
0,0,0,0,0,1
0,0,0,0,0,1
0,0,0,0,0,1
0,0,0,0,0,1
0,0,0,0,0,1
0,0,0,0,0,1
0,0,0,0,0,1
0,0,0,0,0,1
0,0,0,0,0,1
0,0,0,0,0,1
0,0,0,0,0,1
0,0,0,0,0,1
0,0,0,0,0,1
0,0,0,0,0,1
0,0,0,0,0,1
0,0,0,0,0,1
0,0,0,0,0,1
0,0,0,0,0,1
0,0,0,0,0,1
0,0,0,0,0,1
0,0,0,0,0,1
0,0,0,0,0,1
0,0,0,0,0,1
0,0,0,0,0,1
0,0,0,0,0,1
0,0,0,0,0,1
0,0,0,0,0,1
0,0,0,0,0,1
0,0,0,0,0,1
0,0,0,0,0,1
0,0,0,0,0,1
0,0,0,0,0,1
0,0,0,0,0,1
0,0,0,0,0,1
0,0,0,0,0,1
0,0,0,0,0,1
0,0,0,0,0,1
0,0,0,0,0,1
0,0,0,0,0,1
0,0,0,0,0,1
0,0,0,0,0,1
0,0,0,0,0,1
0,0,0,0,0,1
0,0,0,0,0,1
0,0,0,0,0,1
0,0,0,0,0,1
0,0,0,0,0,1
0,0,0,0,0,1
0,0,0,0,0,1
0,0,0,0,0,1
0,0,0,0,0,1
0,0,0,0,0,1
0,0,0,0,0,1
0,0,0,0,0,1
0,0,0,0,0,1
0,0,0,0,0,1
0,0,0,0,0,1
0,0,0,0,0,1
0,0,0,0,0,1
0,0,0,0,0,1
0,0,0,0,0,1
0,0,0,0,0,1
0,0,0,0,0,1
0,0,0,0,0,1
0,0,0,0,0,1
0,0,0,0,0,1
0,0,0,0,0,1
0,0,0,0,0,1
0,0,0,0,0,1
0,0,0,0,0,1
0,0,0,0,0,1
0,0,0,0,0,1
0,0,0,0,0,1
0,0,0,0,0,1
0,0,0,0,0,1
0,0,0,0,0,1
0,0,0,0,0,1
0,0,0,0,0,1
0,0,0,0,0,1
0,0,0,0,0,1
0,0,0,0,0,1
0,0,0,0,0,1
0,0,0,0,0,1
0,0,0,0,0,1
0,0,0,0,0,1
0,0,0,0,0,1
0,0,0,0,0,1
0,0,0,0,0,1
0,0,0,0,0,1
0,0,0,0,0,1
0,0,0,0,0,1
0,0,0,0,0,1
0,0,0,0,0,1
0,0,0,0,0,1
0,0,0,0,0,1
0,0,0,0,0,1
0,0,0,0,0,1
0,0,0,0,0,1
0,0,0,0,0,1
0,0,0,0,0,1
0,0,0,0,0,1
0,0,0,0,0,1
0,0,0,0,0,1
0,0,0,0,0,1
0,0,0,0,0,1
0,0,0,0,0,1
0,0,0,0,0,1
0,0,0,0,0,1
0,0,0,0,0,1
0,0,0,0,0,1
0,0,0,0,0,1
0,0,0,0,0,1
0,0,0,0,0,1
0,0,0,0,0,1
0,0,0,0,0,1
0,0,0,0,0,1
0,0,0,0,0,1
0,0,0,0,0,1
0,0,0,0,0,1
0,0,0,0,0,1
0,0,0,0,0,1
0,0,0,0,0,1
0,0,0,0,0,1
0,0,0,0,0,1
0,0,0,0,0,1
0,0,0,0,0,1
0,0,0,0,0,1
0,0,0,0,0,1
0,0,0,0,0,1
0,0,0,0,0,1
0,0,0,0,0,1
0,0,0,0,0,1
0,0,0,0,0,1
0,0,0,0,0,1
0,0,0,0,0,1
0,0,0,0,0,1
0,0,0,0,0,1
0,0,0,0,0,1
0,0,0,0,0,1
0,0,0,0,0,1
0,0,0,0,0,1
0,0,0,0,0,1
0,0,0,0,0,1
0,0,0,0,0,1
0,0,0,0,0,1
0,0,0,0,0,1
0,0,0,0,0,1
0,0,0,0,0,1
0,0,0,0,0,1
0,0,0,0,0,1
0,0,0,0,0,1
0,0,0,0,0,1
0,0,0,0,0,1
0,0,0,0,0,1
0,0,0,0,0,1
0,0,0,0,0,1
0,0,0,0,0,1
0,0,0,0,0,1
0,0,0,0,0,1
0,0,0,0,0,1
0,0,0,0,0,1
0,0,0,0,0,1
0,0,0,0,0,1
0,0,0,0,0,1
0,0,0,0,0,1
0,0,0,0,0,1
0,0,0,0,0,1
0,0,0,0,0,1
0,0,0,0,0,1
0,0,0,0,0,1
0,0,0,0,0,1
0,0,0,0,0,1
0,0,0,0,0,1
0,0,0,0,0,1
0,0,0,0,0,1
0,0,0,0,0,1
0,0,0,0,0,1
0,0,0,0,0,1
0,0,0,0,0,1
0,0,0,0,0,1
0,0,0,0,0,1
0,0,0,0,0,1
0,0,0,0,0,1
0,0,0,0,0,1
0,0,0,0,0,1
0,0,0,0,0,1
0,0,0,0,0,1
0,0,0,0,0,1
0,0,0,0,0,1
0,0,0,0,0,1
0,0,0,0,0,1
0,0,0,0,0,1
0,0,0,0,0,1
0,0,0,0,0,1
0,0,0,0,0,1
0,0,0,0,0,1
0,0,0,0,0,1
0,0,0,0,0,1
0,0,0,0,0,1
0,0,0,0,0,1
0,0,0,0,0,1
0,0,0,0,0,1
0,0,0,0,0,1
0,0,0,0,0,1
0,0,0,0,0,1
0,0,0,0,0,1
0,0,0,0,0,1
0,0,0,0,0,1
0,0,0,0,0,1
0,0,0,0,0,1
0,0,0,0,0,1
0,0,0,0,0,1
0,0,0,0,0,1
0,0,0,0,0,1
0,0,0,0,0,1
0,0,0,0,0,1
0,0,0,0,0,1
0,0,0,0,0,1
0,0,0,0,0,1
0,0,0,0,0,1
0,0,0,0,0,1
0,0,0,0,0,1
0,0,0,0,0,1
0,0,0,0,0,1
0,0,0,0,0,1
0,0,0,0,0,1
0,0,0,0,0,1
0,0,0,0,0,1
0,0,0,0,0,1
0,0,0,0,0,1
0,0,0,0,0,1
0,0,0,0,0,1
0,0,0,0,0,1
0,0,0,0,0,1
0,0,0,0,0,1
0,0,0,0,0,1
0,0,0,0,0,1
0,0,0,0,0,1
0,0,0,0,0,1
0,0,0,0,0,1
0,0,0,0,0,1
0,0,0,0,0,1
0,0,0,0,0,1
0,0,0,0,0,1
0,0,0,0,0,1
0,0,0,0,0,1
0,0,0,0,0,1
0,0,0,0,0,1
0,0,0,0,0,1
0,0,0,0,0,1
0,0,0,0,0,1
0,0,0,0,0,1
0,0,0,0,0,1
0,0,0,0,0,1
0,0,0,0,0,1
0,0,0,0,0,1
0,0,0,0,0,1
0,0,0,0,0,1
0,0,0,0,0,1
0,0,0,0,0,1
0,0,0,0,0,1
0,0,0,0,0,1
0,0,0,0,0,1
0,0,0,0,0,1
0,0,0,0,0,1
0,0,0,0,0,1
0,0,0,0,0,1
0,0,0,0,0,1
0,0,0,0,0,1
0,0,0,0,0,1
0,0,0,0,0,1
0,0,0,0,0,1
0,0,0,0,0,1
0,0,0,0,0,1
0,0,0,0,0,1
0,0,0,0,0,1
0,0,0,0,0,1
0,0,0,0,0,1
0,0,0,0,0,1
0,0,0,0,0,1
0,0,0,0,0,1
0,0,0,0,0,1
0,0,0,0,0,1
0,0,0,0,0,1
0,0,0,0,0,1
0,0,0,0,0,1
0,0,0,0,0,1
0,0,0,0,0,1
0,0,0,0,0,1
0,0,0,0,0,1
0,0,0,0,0,1
0,0,0,0,0,1
0,0,0,0,0,1
0,0,0,0,0,1
0,0,0,0,0,1
0,0,0,0,0,1
0,0,0,0,0,1
0,0,0,0,0,1
0,0,0,0,0,1
0,0,0,0,0,1
0,0,0,0,0,1
0,0,0,0,0,1
0,0,0,0,0,1
0,0,0,0,0,1
0,0,0,0,0,1
0,0,0,0,0,1
0,0,0,0,0,1
0,0,0,0,0,1
0,0,0,0,0,1
0,0,0,0,0,1
0,0,0,0,0,1
0,0,0,0,0,1
0,0,0,0,0,1
0,0,0,0,0,1
0,0,0,0,0,1
0,0,0,0,0,1
0,0,0,0,0,1
0,0,0,0,0,1
0,0,0,0,0,1
0,0,0,0,0,1
0,0,0,0,0,1
0,0,0,0,0,1
0,0,0,0,0,1
0,0,0,0,0,1
0,0,0,0,0,1
0,0,0,0,0,1
0,0,0,0,0,1
0,0,0,0,0,1
0,0,0,0,0,1
0,0,0,0,0,1
0,0,0,0,0,1
0,0,0,0,0,1
0,0,0,0,0,1
0,0,0,0,0,1
0,0,0,0,0,1
0,0,0,0,0,1
0,0,0,0,0,1
0,0,0,0,0,1
0,0,0,0,0,1
0,0,0,0,0,1
0,0,0,0,0,1
0,0,0,0,0,1
0,0,0,0,0,1
0,0,0,0,0,1
0,0,0,0,0,1
0,0,0,0,0,1
0,0,0,0,0,1
0,0,0,0,0,1
0,0,0,0,0,1
0,0,0,0,0,1
0,0,0,0,0,1
0,0,0,0,0,1
0,0,0,0,0,1
0,0,0,0,0,1
0,0,0,0,0,1
0,0,0,0,0,0
0,0,0,0,0,1
0,0,0,0,0,1
0,0,0,0,0,1
0,0,0,0,0,0
0,0,0,0,0,0
0,0,0,0,0,0
0,0,0,0,0,0
0,0,0,0,0,0
0,0,0,0,0,0
0,0,0,0,0,0
0,0,0,0,0,0
0,0,0,0,0,0
0,0,0,0,0,0
0,0,0,0,0,0
0,0,0,0,0,0
0,0,0,0,0,0
0,0,0,0,0,0
0,0,0,0,0,0
0,0,0,0,0,0
0,0,0,0,0,0
0,0,0,0,0,0
0,0,0,0,0,0
0,0,0,0,0,0
0,0,0,0,0,0
0,0,0,0,0,0
0,0,0,0,0,0
0,0,0,0,0,0
0,0,0,0,0,0
0,0,0,0,0,0
0,0,0,0,0,0
0,0,0,0,0,0
0,0,0,0,0,0
0,0,0,0,0,0
0,0,0,0,0,0
0,0,0,0,0,0
0,0,0,0,0,0
0,0,0,0,0,0
0,0,0,0,0,0
0,0,0,0,0,0
0,0,0,0,0,0
0,0,0,0,0,0
0,0,0,0,0,0
0,0,0,0,0,0
0,0,0,0,0,1
0,0,0,0,0,0
0,0,0,0,0,0
0,0,0,0,0,0
0,0,0,0,0,0
0,0,0,0,0,0
0,0,0,0,0,0
0,0,0,0,0,0
0,0,0,0,0,0
0,0,0,0,0,0
0,0,0,0,0,0
0,0,0,0,0,0
0,0,0,0,0,0
0,0,0,0,0,0
0,0,0,0,0,0
0,0,0,0,0,0
0,0,0,0,0,0
0,0,0,0,0,0
0,0,0,0,0,0
0,0,0,0,0,0
0,0,0,0,0,0
0,0,0,0,0,0
0,0,0,0,0,0
0,0,0,0,0,0
0,0,0,0,0,0
0,0,0,0,0,0
0,0,0,0,0,0
0,0,0,0,0,0
0,0,0,0,0,0
0,0,0,0,0,0
0,0,0,0,0,0
0,0,0,0,0,0
0,0,0,0,0,0
0,0,0,0,0,0
0,0,0,0,0,0
0,0,0,0,0,0
0,0,0,0,0,0
0,0,0,0,0,0
0,0,0,0,0,0
0,0,0,0,0,0
0,0,0,0,0,0
0,0,0,0,0,0
0,0,0,0,0,0
0,0,0,0,0,0
0,0,0,0,0,0
0,0,0,0,0,0
0,0,0,0,0,0
0,0,0,0,0,0
1,0,0,0,0,0
1,0,0,0,0,0
1,0,0,0,0,0
1,0,0,0,0,0
1,0,0,0,0,0
1,0,0,0,0,0
1,0,0,0,0,0
1,0,0,0,0,0
1,0,0,0,0,0
1,0,0,0,0,0
1,0,0,0,0,0
1,0,0,0,0,0
1,0,0,0,0,0
1,0,0,0,0,0
1,0,0,0,0,0
1,0,0,0,0,0
1,0,0,0,0,0
1,0,0,0,0,0
1,0,0,0,0,0
1,0,0,0,0,0
1,0,0,0,0,0
1,0,0,0,0,0
1,0,0,0,0,0
1,0,0,0,0,0
1,0,0,0,0,0
1,0,0,0,0,0
1,0,0,0,0,0
1,0,0,0,0,0
1,0,0,0,0,0
1,0,0,0,0,0
1,0,0,0,0,0
1,0,0,0,0,0
1,0,0,0,0,0
1,0,0,0,0,0
1,0,0,0,0,0
1,0,0,0,0,0
1,0,0,0,0,0
1,0,0,0,0,0
1,0,0,0,0,0
1,0,0,0,0,0
1,0,0,0,0,0
1,0,0,0,0,0
1,0,0,0,0,0
1,0,0,0,0,0
1,0,0,0,0,0
1,0,0,0,0,0
1,0,0,0,0,0
1,0,0,0,0,0
1,0,0,0,0,0
1,0,0,0,0,0
1,0,0,0,0,0
1,0,0,0,0,0
1,0,0,0,0,0
1,0,0,0,0,0
1,0,0,0,0,0
1,0,0,0,0,0
1,0,0,0,0,0
1,0,0,0,0,0
1,0,0,0,0,0
1,0,0,0,0,0
1,0,0,0,0,0
1,0,0,0,0,0
1,0,0,0,0,0
1,0,0,0,0,0
1,0,0,0,0,0
1,0,0,0,0,0
1,0,0,0,0,0
1,0,0,0,0,0
1,0,0,0,0,0
1,0,0,0,0,0
1,0,0,0,0,0
1,0,0,0,0,0
1,0,0,0,0,1
1,0,0,0,0,1
1,0,0,0,0,1
1,0,0,0,0,1
1,0,0,0,0,0
1,0,0,0,0,0
1,0,0,0,0,0
1,0,0,0,0,0
1,0,0,0,0,0
1,0,0,0,0,0
1,0,0,0,0,0
1,0,0,0,0,0
1,0,0,0,0,0
1,0,0,0,0,0
1,0,0,0,0,0
1,0,0,0,0,0
1,0,0,0,0,0
1,0,0,0,0,0
1,0,0,0,0,0
1,0,0,0,0,0
1,0,0,0,0,0
1,0,0,0,0,0
1,0,0,0,0,0
1,0,0,0,0,0
1,0,0,0,0,0
1,0,0,0,0,0
1,0,0,0,0,0
1,0,0,0,0,0
1,0,0,0,0,0
1,0,0,0,0,0
1,0,0,0,0,0
1,0,0,0,0,0
1,0,0,0,0,0
1,0,0,0,0,0
1,0,0,0,0,0
1,0,0,0,0,0
1,0,0,0,0,0
1,0,0,0,0,0
1,0,0,0,0,0
1,0,0,0,0,0
1,0,0,0,0,0
1,0,0,0,0,0
1,0,0,0,0,0
1,0,0,0,0,0
1,0,0,0,0,0
1,0,0,0,0,0
1,0,0,0,0,0
1,0,0,0,0,0
1,0,0,0,0,0
1,0,0,0,0,0
1,0,0,0,0,0
1,0,0,0,0,0
1,0,0,0,0,0
1,0,0,0,0,0
1,0,0,0,0,0
1,0,0,0,0,0
1,0,0,0,0,0
1,0,0,0,0,0
1,0,0,0,0,0
1,0,0,0,0,0
1,0,0,0,0,0
1,0,0,0,0,0
1,0,0,0,0,0
1,0,0,0,0,0
1,0,0,0,0,0
1,0,0,0,0,0
1,0,0,0,0,0
1,0,0,0,0,0
1,0,0,0,0,0
1,0,0,0,0,0
1,0,0,0,0,0
1,0,0,0,0,0
1,0,0,0,0,0
1,0,0,0,0,0
1,0,0,0,0,0
1,0,0,0,0,0
1,0,0,0,0,0
1,0,0,0,0,0
1,0,0,0,0,0
1,0,0,0,0,0
1,0,0,0,0,0
1,0,0,0,0,0
1,0,0,0,0,0
1,0,0,0,0,0
1,0,0,0,0,0
1,0,0,0,0,0
1,0,0,0,0,0
1,0,0,0,0,0
1,0,0,0,0,0
1,0,0,0,0,0
1,0,0,0,0,0
1,0,0,0,0,0
1,0,0,0,0,0
1,0,0,0,0,0
1,0,0,0,0,0
1,0,0,0,0,0
1,0,0,0,0,0
1,0,0,0,0,0
1,0,0,0,0,0
1,0,0,0,0,0
1,0,0,0,0,0
1,0,0,0,0,0
1,0,0,0,0,0
1,0,0,0,0,0
1,0,0,0,0,0
1,0,0,0,0,0
1,0,0,0,0,0
1,0,0,0,0,0
1,0,0,0,0,0
1,0,0,0,0,0
1,0,0,0,0,0
1,0,0,0,0,0
1,0,0,0,0,0
1,0,0,0,0,0
1,0,0,0,0,0
1,0,0,0,0,0
1,0,0,0,0,0
1,0,0,0,0,0
1,0,0,0,0,0
1,0,0,0,0,0
1,0,0,0,0,0
1,0,0,0,0,0
1,0,0,0,0,0
1,0,0,0,0,0
1,0,0,0,1,0
1,0,0,0,1,0
1,0,0,0,1,0
1,0,0,0,0,0
1,0,0,0,1,0
1,0,0,0,1,0
1,0,0,0,1,0
1,0,0,0,1,1
1,0,0,0,1,1
1,0,0,0,1,1
1,0,0,0,1,1
1,0,0,0,1,1
1,0,0,0,0,1
1,0,0,0,0,1
1,0,0,0,0,1
1,0,0,0,0,1
1,0,0,0,0,1
1,0,0,0,0,1
1,0,0,0,0,0
1,0,0,0,0,0
1,0,0,0,0,0
1,0,0,0,0,0
1,0,0,0,0,0
1,0,0,0,0,0
1,0,0,0,0,0
1,0,0,0,0,0
1,0,0,0,0,0
1,0,0,0,0,0
1,0,0,0,0,0
1,0,0,0,0,0
1,0,0,0,0,1
1,0,0,0,0,1
1,0,0,0,0,1
1,0,0,0,0,1
1,0,0,0,0,1
1,0,0,0,0,1
1,0,0,0,0,1
1,0,0,0,0,1
1,0,0,0,0,1
1,0,0,0,0,0
1,0,0,0,0,0
1,0,0,0,0,0
1,0,0,0,0,1
1,0,0,0,0,1
1,0,0,0,0,1
1,0,0,0,0,1
1,0,0,0,0,1
1,0,0,0,0,1
1,0,0,0,0,1
1,0,0,0,0,1
1,0,0,0,0,1
1,0,0,0,0,1
1,0,0,0,0,1
1,0,0,0,0,1
1,0,0,0,0,1
1,0,0,0,0,1
1,0,0,0,0,1
1,0,0,0,0,1
1,0,0,0,0,1
1,0,0,0,0,1
1,0,0,0,0,1
1,0,0,0,0,1
1,0,0,0,0,1
1,0,0,0,0,1
1,0,0,0,0,1
1,0,0,0,0,1
1,0,0,0,0,0
1,0,0,0,0,0
1,0,0,0,0,1
1,0,0,0,0,1
1,0,0,0,0,1
1,0,0,0,0,1
1,0,0,0,0,1
1,0,0,0,0,1
1,0,0,0,0,1
1,0,0,0,0,1
1,0,0,0,0,1
1,0,0,0,0,1
1,0,0,0,0,1
1,0,0,0,0,1
1,0,0,0,0,1
1,0,0,0,0,1
1,0,0,0,0,1
1,0,0,0,0,1
1,0,0,0,0,1
1,0,0,0,0,1
1,0,0,0,0,1
1,0,0,0,0,1
1,0,0,0,0,1
1,0,0,0,0,1
1,0,0,0,0,1
1,0,0,0,0,1
1,0,0,0,0,1
1,0,0,0,0,0
1,0,0,0,0,0
1,0,0,0,0,1
1,0,0,0,0,1
1,0,0,0,0,1
1,0,0,0,0,1
1,0,0,0,0,1
1,0,0,0,0,1
1,0,0,0,0,1
1,0,0,0,0,1
1,0,0,0,0,1
1,0,0,0,0,1
1,0,0,0,0,1
1,0,0,0,0,0
1,0,0,0,0,0
1,0,0,0,0,0
1,0,0,0,0,0
1,0,0,0,0,0
1,0,0,0,0,0
1,0,0,0,0,0
1,0,0,0,0,0
1,0,0,0,0,0
1,0,0,0,0,0
1,0,0,0,0,0
1,0,0,0,0,0
1,0,0,0,0,0
1,0,0,0,0,0
1,0,0,0,0,0
1,0,0,0,0,0
1,0,0,0,0,0
1,0,0,0,0,0
1,0,0,0,0,0
1,0,0,0,0,0
1,0,0,0,0,0
1,0,0,0,1,0
1,0,0,0,1,0
1,0,0,0,1,0
1,0,0,0,1,0
1,0,0,0,1,0
1,1,0,0,1,0
1,1,0,0,1,0
1,1,0,0,1,0
1,1,0,0,1,0
1,1,0,0,1,0
1,1,0,0,1,0
1,1,0,0,1,0
1,1,0,0,1,0
1,1,0,0,1,0
1,1,0,0,1,0
1,1,0,0,1,0
1,1,0,0,1,0
1,1,0,0,1,0
1,1,0,0,1,0
1,1,0,0,1,0
1,1,0,0,1,0
1,1,0,0,1,0
1,1,0,0,1,0
1,1,0,0,1,0
1,1,0,0,1,0
1,1,0,0,1,0
1,1,0,0,1,0
1,1,0,0,1,0
1,1,0,0,1,0
1,1,0,0,1,0
1,1,0,0,1,0
1,1,0,0,1,0
1,0,0,0,1,0
1,0,0,0,1,0
1,1,0,0,1,0
1,1,0,0,1,0
1,1,0,0,1,0
1,1,0,0,1,0
1,1,0,0,1,0
1,1,0,0,1,0
1,1,0,0,1,0
1,1,0,0,1,0
1,1,0,0,1,0
1,1,0,0,1,0
1,1,0,0,1,0
1,1,0,0,1,0
1,1,0,0,1,0
1,1,0,0,1,0
1,1,0,0,1,0
1,1,0,0,1,0
1,0,0,0,1,0
1,0,0,0,1,0
1,0,0,0,1,0
1,0,0,0,1,0
1,0,0,0,1,0
1,0,0,0,1,0
1,0,0,0,1,0
1,0,0,0,1,0
1,0,0,0,1,0
1,0,0,0,1,0
1,0,0,0,1,0
1,0,0,0,1,0
1,0,0,0,1,0
1,0,0,0,1,0
1,0,0,0,1,0
1,0,0,0,1,0
1,0,0,0,1,0
1,0,0,0,1,0
1,0,0,0,1,0
1,0,0,0,1,0
1,0,0,0,1,0
1,0,0,0,1,0
1,0,0,0,1,0
1,0,0,0,1,0
1,0,0,0,1,0
1,0,0,0,1,0
1,0,0,0,0,0
1,0,0,0,1,0
1,0,0,0,0,0
1,0,0,0,0,0
1,0,0,0,0,0
1,0,0,0,0,0
1,0,0,0,0,0
1,0,0,0,0,0
1,0,0,0,0,0
1,0,0,0,0,0
1,0,0,0,0,0
1,0,0,0,0,0
1,0,0,0,0,0
1,0,0,0,0,0
1,0,0,0,0,0
1,0,0,0,0,0
1,0,0,0,0,0
1,0,0,0,0,0
1,0,0,0,0,0
1,0,0,0,0,0
1,0,0,0,0,0
1,0,0,0,0,0
1,0,0,0,0,0
1,0,0,0,0,0
1,0,0,0,0,0
1,0,0,0,0,0
1,0,0,0,0,0
1,0,0,0,0,0
1,0,0,0,0,0
1,0,0,0,0,0
1,0,0,0,0,0
1,0,0,0,0,0
1,0,0,0,0,0
1,0,0,0,0,0
1,0,0,0,0,0
1,0,0,0,0,0
1,0,0,0,0,0
1,0,0,0,0,0
1,0,0,0,0,0
1,0,0,0,0,0
1,0,0,0,0,0
1,0,0,0,0,0
1,0,0,0,0,0
1,0,0,0,0,0
1,0,0,0,0,0
1,0,0,0,0,0
1,0,0,0,0,0
1,0,0,0,0,0
1,0,0,0,0,0
1,0,0,0,0,0
1,0,0,0,0,0
1,0,0,0,0,0
1,0,0,0,0,0
1,0,0,0,0,0
1,0,0,0,0,0
1,0,0,0,0,0
1,0,0,0,0,0
1,0,0,0,0,0
1,0,0,0,0,0
1,0,0,0,0,0
1,0,0,0,0,0
1,0,0,0,0,0
1,0,0,0,0,0
1,0,0,0,0,0
1,0,0,0,0,0
1,0,0,0,0,0
1,0,0,0,0,0
1,0,0,0,0,0
1,0,0,0,0,0
1,0,0,0,0,0
1,0,0,0,0,0
1,0,0,0,0,0
1,0,0,0,0,0
1,0,0,0,0,0
1,0,0,0,0,0
1,0,0,0,0,0
1,0,0,0,0,0
1,0,0,0,0,0
1,0,0,0,0,0
1,0,0,0,0,0
1,0,0,0,0,0
1,0,0,0,0,0
1,0,0,0,0,0
1,0,0,0,0,0
1,0,0,0,0,0
1,0,0,0,0,0
1,0,0,0,0,0
1,0,0,0,0,0
1,0,0,0,0,0
1,0,0,0,0,0
1,0,0,0,0,0
1,0,0,0,0,0
1,0,0,0,0,0
1,0,0,0,0,0
1,0,0,0,0,0
1,0,0,0,0,0
1,0,0,0,0,0
1,0,0,0,0,0
1,0,0,0,0,0
1,0,0,0,0,0
1,0,0,0,0,0
1,0,0,0,0,0
1,0,0,0,0,0
1,0,0,0,0,0
1,0,0,0,0,0
1,0,0,0,0,0
1,0,0,0,0,0
1,0,0,0,0,0
1,0,0,0,0,0
1,0,0,0,0,0
1,0,0,0,0,0
1,0,0,0,0,0
1,0,0,0,0,0
1,0,0,0,0,0
1,0,0,0,0,0
1,0,0,0,0,0
1,0,0,0,0,0
1,0,0,0,0,0
1,0,0,0,0,0
1,0,0,0,0,0
1,0,0,0,0,0
1,0,0,0,0,0
1,0,0,0,0,0
1,0,0,0,0,0
1,0,0,0,0,0
1,0,0,0,0,0
1,0,0,0,0,0
1,0,0,0,0,0
1,0,0,0,0,0
1,0,0,0,0,0
1,0,0,0,0,0
1,0,0,0,0,0
1,0,0,0,0,0
1,0,0,0,0,0
1,0,0,0,0,0
1,0,0,0,0,0
1,0,0,0,0,1
1,0,0,0,0,1
1,0,0,0,0,1
1,0,0,0,0,1
1,0,0,0,0,1
1,0,0,0,0,1
1,0,0,0,0,1
1,0,0,0,0,1
1,0,0,0,0,1
1,0,0,0,0,1
1,0,0,0,0,1
1,0,0,0,0,1
0,0,0,0,0,1
0,0,0,0,0,1
0,0,0,0,0,1
0,0,0,0,0,1
0,0,0,0,0,1
0,0,0,0,0,1
0,0,0,0,0,1
0,0,0,0,0,1
0,0,0,0,0,1
0,0,0,0,0,1
0,0,0,0,0,1
0,0,0,0,0,1
0,0,0,0,0,1
0,0,0,0,0,1
0,0,0,0,0,1
0,0,0,0,0,1
0,0,0,0,0,1
0,0,0,0,0,1
0,0,0,0,0,1
0,0,0,0,0,1
0,0,0,0,0,1
0,0,0,0,0,1
0,0,0,0,0,1
0,0,0,0,0,1
0,0,0,0,0,1
0,0,0,0,0,1
0,0,0,0,0,1
0,0,0,0,0,1
0,0,0,0,0,1
0,0,0,0,0,1
0,0,0,0,0,1
0,0,0,0,0,1
0,0,0,0,0,1
0,0,0,0,0,1
0,0,0,0,0,1
0,0,0,0,0,1
0,0,0,0,0,1
0,0,0,0,0,1
0,0,0,0,0,1
0,0,0,0,0,1
0,0,0,0,0,1
0,0,0,0,0,1
0,0,0,0,0,1
0,0,0,0,0,1
0,0,0,0,0,1
0,0,0,0,0,1
0,0,0,0,0,1
0,0,0,0,0,1
0,0,0,0,0,1
0,0,0,0,0,1
0,0,0,0,0,1
0,0,0,0,0,1
0,0,0,0,0,1
0,0,0,0,0,1
0,0,0,0,0,1
0,0,0,0,0,1
0,0,0,0,0,1
0,0,0,0,0,1
0,0,0,0,0,1
0,0,0,0,0,1
0,0,0,0,0,1
0,0,0,0,0,1
0,0,0,0,0,1
0,0,0,0,0,1
0,0,0,0,0,1
0,0,0,0,0,1
0,0,0,0,0,1
0,0,0,0,0,1
0,0,0,0,0,1
0,0,0,0,0,1
0,0,0,0,0,1
0,0,0,0,0,1
0,0,0,0,0,1
0,0,0,0,0,1
0,0,0,0,0,1
0,0,0,0,0,1
0,0,0,0,0,1
0,0,0,0,0,1
0,0,0,0,0,1
0,0,0,0,0,1
0,0,0,0,0,1
0,0,0,0,0,1
0,0,0,0,0,1
0,0,0,0,0,1
0,0,0,0,0,1
0,0,0,0,0,1
0,0,0,0,0,1
0,0,0,0,0,1
0,0,0,0,0,1
0,0,0,0,0,1
0,0,0,0,0,1
0,0,0,0,0,1
0,0,0,0,0,1
0,0,0,0,0,1
0,0,0,0,0,1
0,0,0,0,0,1
0,0,0,0,0,1
0,0,0,0,0,1
0,0,0,0,0,1
0,0,0,0,0,1
0,0,0,0,0,1
0,0,0,0,0,1
0,0,0,0,0,1
0,0,0,0,0,1
0,0,0,0,0,1
0,0,0,0,0,1
0,0,0,0,0,1
0,0,0,0,0,1
0,0,0,0,0,1
0,0,0,0,0,1
0,0,0,0,0,1
0,0,0,0,0,1
0,0,0,0,0,1
0,0,0,0,0,1
0,0,0,0,0,1
0,0,0,0,0,1
0,0,0,0,0,1
0,0,0,0,0,1
0,0,0,0,0,1
0,0,0,0,0,1
0,0,0,0,0,1
0,0,0,0,0,1
0,0,0,0,0,1
0,0,0,0,0,1
0,0,0,0,0,1
0,0,0,0,0,1
0,0,0,0,0,1
0,0,0,0,0,1
0,0,0,0,0,1
0,0,0,0,0,1
0,0,0,0,0,1
0,0,0,0,0,1
0,0,0,0,0,1
0,0,0,0,0,1
0,0,0,0,0,1
0,0,0,0,0,1
0,0,0,0,0,1
0,0,0,0,0,1
0,0,0,0,0,1
0,0,0,0,0,1
0,0,0,0,0,1
0,0,0,0,0,1
0,0,0,0,0,1
0,0,0,0,0,1
0,0,0,0,0,1
0,0,0,0,0,1
0,0,0,0,0,1
0,0,0,0,0,1
0,0,0,0,0,1
0,0,0,0,0,1
0,0,0,0,0,1
0,0,0,0,0,1
0,0,0,0,0,1
0,0,0,0,0,1
0,0,0,0,0,1
0,0,0,0,0,1
0,0,0,0,0,1
0,0,0,0,0,1
0,0,0,0,0,1
0,0,0,0,0,1
0,0,0,0,0,1
0,0,0,0,0,1
0,0,0,0,0,1
0,0,0,0,0,1
0,0,0,0,0,1
0,0,0,0,0,1
0,0,0,0,0,1
0,0,0,0,0,1
0,0,0,0,0,1
0,0,0,0,0,1
0,0,0,0,0,1
0,0,0,0,0,1
0,0,0,0,0,1
0,0,0,0,0,1
0,0,0,0,0,1
0,0,0,0,0,1
0,0,0,0,0,1
0,0,0,0,0,1
0,0,0,0,0,1
0,0,0,0,0,1
0,0,0,0,0,1
0,0,0,0,0,1
0,0,0,0,0,1
0,0,0,0,0,1
0,0,0,0,0,1
0,0,0,0,0,1
0,0,0,0,0,1
0,0,0,0,0,1
0,0,0,0,0,1
0,0,0,0,0,1
0,0,0,0,0,1
0,0,0,0,0,1
0,0,0,0,0,1
0,0,0,0,0,1
0,0,0,0,0,1
0,0,0,0,0,1
0,0,0,0,0,1
0,0,0,0,0,1
0,0,0,0,0,1
0,0,0,0,0,1
0,0,0,0,0,1
0,0,0,0,0,1
0,0,0,0,0,1
0,0,0,0,0,1
0,0,0,0,0,1
0,0,0,0,0,1
0,0,0,0,0,1
0,0,0,0,0,1
0,0,0,0,0,1
0,0,0,0,0,1
0,0,0,0,0,1
0,0,0,0,0,1
0,0,0,0,0,1
0,0,0,0,0,1
0,0,0,0,0,1
0,0,0,0,0,1
0,0,0,0,0,1
0,0,0,0,0,1
0,0,0,0,0,1
0,0,0,0,0,1
0,0,0,0,0,1
0,0,0,0,0,1
0,0,0,0,0,1
0,0,0,0,0,1
0,0,0,0,0,1
0,0,0,0,0,1
0,0,0,0,0,1
0,0,0,0,0,1
0,0,0,0,0,1
0,0,0,0,0,1
0,0,0,0,0,1
0,0,0,0,0,1
0,0,0,0,0,1
0,0,0,0,0,1
0,0,0,0,0,1
0,0,0,0,0,1
0,0,0,0,0,1
0,0,0,0,0,1
0,0,0,0,0,1
0,0,0,0,0,1
0,0,0,0,0,1
0,0,0,0,0,1
0,0,0,0,0,1
0,0,0,0,0,1
0,0,0,0,0,1
0,0,0,0,0,1
0,0,0,0,0,1
0,0,0,0,0,1
0,0,0,0,0,1
0,0,0,0,0,1
0,0,0,0,0,1
0,0,0,0,0,1
0,0,0,0,0,1
0,0,0,0,0,1
0,0,0,0,0,1
0,0,0,0,0,1
0,0,0,0,0,1
0,0,0,0,0,1
0,0,0,0,0,1
0,0,0,0,0,1
0,0,0,0,0,1
0,0,0,0,0,1
0,0,0,0,0,1
0,0,0,0,0,1
0,0,0,0,0,1
0,0,0,0,0,1
0,0,0,0,0,1
0,0,0,0,0,1
0,0,0,0,0,1
0,0,0,0,0,1
0,0,0,0,0,1
0,0,0,0,0,1
0,0,0,0,0,1
0,0,0,0,0,1
0,0,0,0,0,1
0,0,0,0,0,1
0,0,0,0,0,1
0,0,0,0,0,1
0,0,0,0,0,1
0,0,0,0,0,1
0,0,0,0,0,1
0,0,0,0,0,1
0,0,0,0,0,1
0,0,0,0,0,1
0,0,0,0,0,1
0,0,0,0,0,1
0,0,0,0,0,1
0,0,0,0,0,1
0,0,0,0,0,1
0,0,0,0,0,1
0,0,0,0,0,1
0,0,0,0,0,1
0,0,0,0,0,1
0,0,0,0,0,1
0,0,0,0,0,1
0,0,0,0,0,1
0,0,0,0,0,1
0,0,0,0,0,1
0,0,0,0,0,1
0,0,0,0,0,1
0,0,0,0,0,1
0,0,0,0,0,1
0,0,0,0,0,1
0,0,0,0,0,1
0,0,0,0,0,1
0,0,0,0,0,1
0,0,0,0,0,1
0,0,0,0,0,1
0,0,0,0,0,1
0,0,0,0,0,1
0,0,0,0,0,1
0,0,0,0,0,1
0,0,0,0,0,1
0,0,0,0,0,1
0,0,0,0,0,1
0,0,0,0,0,1
0,0,0,0,0,1
0,0,0,0,0,1
0,0,0,0,0,1
0,0,0,0,0,1
0,0,0,0,0,1
0,0,0,0,0,1
0,0,0,0,0,1
0,0,0,0,0,1
0,0,0,0,0,1
0,0,0,0,0,1
0,0,0,0,0,1
0,0,0,0,0,1
0,0,0,0,0,1
0,0,0,0,0,1
0,0,0,0,0,1
0,0,0,0,0,1
0,0,0,0,0,1
0,0,0,0,0,1
0,0,0,0,0,1
0,0,0,0,0,1
0,0,0,0,0,1
0,0,0,0,0,1
0,0,0,0,0,1
0,0,0,0,0,1
0,0,0,0,0,1
0,0,0,0,0,1
0,0,0,0,0,1
0,0,0,0,0,1
0,0,0,0,0,1
0,0,0,0,0,1
0,0,0,0,0,1
0,0,0,0,0,1
0,0,0,0,0,1
0,0,0,0,0,1
0,0,0,0,0,1
0,0,0,0,0,1
0,0,0,0,0,1
0,0,0,0,0,1
0,0,0,0,0,1
0,0,0,0,0,1
0,0,0,0,0,1
0,0,0,0,0,1
0,0,0,0,0,1
0,0,0,0,0,1
0,0,0,0,0,1
0,0,0,0,0,1
0,0,0,0,0,1
0,0,0,0,0,1
0,0,0,0,0,1
0,0,0,0,0,1
0,0,0,0,0,1
0,0,0,0,0,1
0,0,0,0,0,1
0,0,0,0,0,1
0,0,0,0,0,1
0,0,0,0,0,1
0,0,0,0,0,1
0,0,0,0,0,1
0,0,0,0,0,1
0,0,0,0,0,1
0,0,0,0,0,1
0,0,0,0,0,1
0,0,0,0,0,1
0,0,0,0,0,1
0,0,0,0,0,1
0,0,0,0,0,1
0,0,0,0,0,1
0,0,0,0,0,1
0,0,0,0,0,1
0,0,0,0,0,1
0,0,0,0,0,1
0,0,0,0,0,1
0,0,0,0,0,1
0,0,0,0,0,1
0,0,0,0,0,1
0,0,0,0,0,1
0,0,0,0,0,1
0,0,0,0,0,1
0,0,0,0,0,1
0,0,0,0,0,1
0,0,0,0,0,1
0,0,0,0,0,1
0,0,0,0,0,1
0,0,0,0,0,1
0,0,0,0,0,1
0,0,0,0,0,1
0,0,0,0,0,1
0,0,0,0,0,1
0,0,0,0,0,1
0,0,0,0,0,1
0,0,0,0,0,1
0,0,0,0,0,1
0,0,0,0,0,1
0,0,0,0,0,1
0,0,0,0,0,1
0,0,0,0,0,1
0,0,0,0,0,1
0,0,0,0,0,1
0,0,0,0,0,1
0,0,0,0,0,1
0,0,0,0,0,1
0,0,0,0,0,1
0,0,0,0,0,1
0,0,0,0,0,1
0,0,0,0,0,1
0,0,0,0,0,1
0,0,0,0,0,1
0,0,0,0,0,1
0,0,0,0,0,1
0,0,0,0,0,1
0,0,0,0,0,1
0,0,0,0,0,1
0,0,0,0,0,1
0,0,0,0,0,1
0,0,0,0,0,1
0,0,0,0,0,1
0,0,0,0,0,1
0,0,0,0,0,1
0,0,0,0,0,1
0,0,0,0,0,1
0,0,0,0,0,1
0,0,0,0,0,1
0,0,0,0,0,1
0,0,0,0,0,1
0,0,0,0,0,1
0,0,0,0,0,1
0,0,0,0,0,1
0,0,0,0,0,1
0,0,0,0,0,1
0,0,0,0,0,1
0,0,0,0,0,1
0,0,0,0,0,1
0,0,0,0,0,1
0,0,0,0,0,1
0,0,0,0,0,1
0,0,0,0,0,1
0,0,0,0,0,1
0,0,0,0,0,1
0,0,0,0,0,1
0,0,0,0,0,1
0,0,0,0,0,1
0,0,0,0,0,1
0,0,0,0,0,1
0,0,0,0,0,1
0,0,0,0,0,1
0,0,0,0,0,1
0,0,0,0,0,1
0,0,0,0,0,1
0,0,0,0,0,1
0,0,0,0,0,1
0,0,0,0,0,1
0,0,0,0,0,1
0,0,0,0,0,1
0,0,0,0,0,1
0,0,0,0,0,1
0,0,0,0,0,1
0,0,0,0,0,1
0,0,0,0,0,1
0,0,0,0,0,1
0,0,0,0,0,1
0,0,0,0,0,1
0,0,0,0,0,1
0,0,0,0,0,1
0,0,0,0,0,1
0,0,0,0,0,1
0,0,0,0,0,1
0,0,0,0,0,1
0,0,0,0,0,1
0,0,0,0,0,1
0,0,0,0,0,1
0,0,0,0,0,1
0,0,0,0,0,1
0,0,0,0,0,1
0,0,0,0,0,1
0,0,0,0,0,1
0,0,0,0,0,1
0,0,0,0,0,1
0,0,0,0,0,1
0,0,0,0,0,1
0,0,0,0,0,1
0,0,0,0,0,1
0,0,0,0,0,1
0,0,0,0,0,1
0,0,0,0,0,1
0,0,0,0,0,1
0,0,0,0,0,1
0,0,0,0,0,1
0,0,0,0,0,1
0,0,0,0,0,1
0,0,0,0,0,1
0,0,0,0,0,1
0,0,0,0,0,1
0,0,0,0,0,1
0,0,0,0,0,1
0,0,0,0,0,1
0,0,0,0,0,1
0,0,0,0,0,1
0,0,0,0,0,1
0,0,0,0,0,1
0,0,0,0,0,1
0,0,0,0,0,1
0,0,0,0,0,1
0,0,0,0,0,1
0,0,0,0,0,1
0,0,0,0,0,1
0,0,0,0,0,1
0,0,0,0,0,1
0,0,0,0,0,1
0,0,0,0,0,1
0,0,0,0,0,1
0,0,0,0,0,1
0,0,0,0,0,1
0,0,0,0,0,1
0,0,0,0,0,1
0,0,0,0,0,1
0,0,0,0,0,1
0,0,0,0,0,1
0,0,0,0,0,1
0,0,0,0,0,1
0,0,0,0,0,1
0,0,0,0,0,1
0,0,0,0,0,1
0,0,0,0,0,1
0,0,0,0,0,1
0,0,0,0,0,1
0,0,0,0,0,1
0,0,0,0,0,1
0,0,0,0,0,1
0,0,0,0,0,1
0,0,0,0,0,1
0,0,0,0,0,1
0,0,0,0,0,1
0,0,0,0,0,1
0,0,0,0,0,1
0,0,0,0,0,1
0,0,0,0,0,1
0,0,0,0,0,1
0,0,0,0,0,1
0,0,0,0,0,1
0,0,0,0,0,1
0,0,0,0,0,1
0,0,0,0,0,1
0,0,0,0,0,1
0,0,0,0,0,1
0,0,0,0,0,1
0,0,0,0,0,1
0,0,0,0,0,1
0,0,0,0,0,1
0,0,0,0,0,1
0,0,0,0,0,1
0,0,0,0,0,1
0,0,0,0,0,1
0,0,0,0,0,1
0,0,0,0,0,1
0,0,0,0,0,1
0,0,0,0,0,1
0,0,0,0,0,1
0,0,0,0,0,1
0,0,0,0,0,1
0,0,0,0,0,1
0,0,0,0,0,1
0,0,0,0,0,1
0,0,0,0,0,1
0,0,0,0,0,1
0,0,0,0,0,1
0,0,0,0,0,1
0,0,0,0,0,1
0,0,0,0,0,1
0,0,0,0,0,1
0,0,0,0,0,1
0,0,0,0,0,1
0,0,0,0,0,1
0,0,0,0,0,1
0,0,0,0,0,1
